tree
version=v4
num_class=1
num_tree_per_iteration=1
label_index=0
max_feature_idx=29
objective=binary sigmoid:1
feature_names=Column_0 Column_1 Column_2 Column_3 Column_4 Column_5 Column_6 Column_7 Column_8 Column_9 Column_10 Column_11 Column_12 Column_13 Column_14 Column_15 Column_16 Column_17 Column_18 Column_19 Column_20 Column_21 Column_22 Column_23 Column_24 Column_25 Column_26 Column_27 Column_28 Column_29
feature_infos=[-1.9982856826586299:1.640221030545522] [-28.694012646397102:1.2478578976124273] [-43.854287766216899:13.304435391559929] [-31.796120642908011:6.1743601411741] [-4.0116997149570475:11.91127803266194] [-81.989630911666666:25.085907958986372] [-19.57331086313528:54.843473607219948] [-34.890427874401823:96.596094465063771] [-61.079236432698757:16.691889688711967] [-12.229655494243806:14.192925929905797] [-22.547680013128293:21.773807132040453] [-4.6976409109347683:11.773571598282722] [-18.672393389967645:7.8423616688355464] [-5.8239311227680606:7.1686580916428797] [-20.025733638807676:10.972656533352449] [-4.9168893731333112:9.6979692518571596] [-16.12295006671555:19.762801133797304] [-29.702140299653024:10.922253634951652] [-11.11768442172956:6.0044218297984981] [-8.8584380021518303:6.8420631537356051] [-70.170764120526059:50.760239381812575] [-47.054022317893192:36.748507823272945] [-15.056941883398146:14.463705948350157] [-71.680455568229689:35.326050439265252] [-4.6879142565700107:7.5768271901464113] [-19.741924307367132:11.642827592120074] [-5.4015830843916905:7.2942818297234986] [-55.344268647823647:77.534016060107049] [-46.801998088080317:102.66094815854309] [-0.34925662533528112:101.17056925272588]
tree_sizes=3362 3411 3409 3394 3410

Tree=0
num_leaves=31
num_cat=0
split_feature=14 10 7 26 0 4 7 4 23 17 12 28 7 5 29 17 4 1 1 19 0 7 22 8 21 12 4 16 1 1
split_gain=57016.1 70828.4 5737.09 1773.48 4936.64 1368.65 1496.2 1099.14 443.69 421.615 5359.38 178.075 27.6251 25.208 24.976 21.6409 137.463 302.314 634.195 103.161 79.2494 46.685 67.7306 27.2996 17.2859 67.865 11.2921 40.1274 65.6272 27.5614
threshold=-3.7807530732634902 -1.7295970432380134 0.83832344006966319 -0.4723623313342275 -1.1196340690314384 3.1099078496635975 0.86935241852470668 1.2152515515441247 -0.16555434926422191 -1.9009091061695993 -2.3650244147542407 1.5119744383551816 0.043723646778772343 0.26463467901545845 2.9012661680365919 1.8037873200079673 1.7219669790345362 0.41018206908831339 0.61541377325737334 1.8703919683569938 1.0130233494830758 1.9981440561851804 0.23043144476329405 -4.0635663743426607 3.2006068080862105 -0.54082706623726051 3.3826064967410994 -0.76153928026653595 -1.5250115282691226 -0.14972519769727305
decision_type=2 2 2 2 2 2 2 2 2 2 2 2 2 2 2 2 2 2 2 2 2 2 2 2 2 2 2 2 2 2
left_child=1 2 3 4 -1 12 -7 -5 -6 10 -2 13 -3 -9 -12 26 21 19 -19 23 -20 24 -23 -18 -17 -26 -11 28 -28 -29
right_child=9 5 -4 7 8 6 -8 11 -10 15 14 -13 -14 -15 -16 16 17 18 20 -21 -22 22 -24 -25 25 -27 27 29 -30 -31
leaf_value=4.094730693664224 27.571446221440475 -3.5579506082192753 4.094730693664224 31.274943593457536 39.279472311520173 21.304658658919692 -4.5255310027103732 51.594131877770494 51.59413187776979 -6.4522165907646762 -6.4606917916924438 45.317934724314455 -6.4606917916924438 48.69139069429599 -3.8218361703532748 -6.4496965599368634 -3.5579506082193655 10.95575530914601 -6.460691791692442 -0.65520942474628985 -0.65520942474628985 -6.4606917916924402 -0.65520942474628985 -6.4606917916924438 -2.1603344828434086 -6.4606917916924429 -0.65520942474628985 -6.4606917916924438 -6.460691791692442 -3.5579506082192842
leaf_weight=0.037895214278250933 0.049952782457694411 0.034450194798408829 0.037895214278250933 0.034450194798409939 0.056842821417376399 0.03961772401817143 0.051675292197614908 0.2273712856695056 0.060287840897217393 330.37564560701139 0.67005628882907231 0.063732860377058387 0.67866883752867579 0.034450194798409939 0.037895214278250933 9.0948514267802167 0.034450194798409939 0.034450194798409939 0.074067918816581368 0.034450194798409939 0.034450194798409939 0.048230272717774691 0.034450194798409939 0.54431307781487781 0.046507762977853417 0.17397348373197097 0.034450194798409939 0.64766366221010685 0.04478525323793292 0.03445019479840894
leaf_count=22 29 20 22 20 33 23 30 132 35 191799 389 37 394 20 22 5280 20 20 43 20 20 28 20 316 27 101 20 376 26 20
internal_value=-6.36052 14.0943 41.647 44.4101 35.4678 -4.8446 6.6838 48.2608 45.6179 -6.44169 -4.08572 50.0583 -6.32046 51.2122 -6.31944 -6.44692 -6.30312 -5.00602 -0.865046 -5.97147 -4.61768 -6.40749 -4.04174 -6.28791 -6.42849 -5.55359 -6.45133 -6.06665 -3.93657 -6.31409
internal_weight=343.406 1.35734 0.552926 0.51503 0.155026 0.804412 0.091293 0.360005 0.117131 342.049 0.757904 0.325554 0.713119 0.261821 0.707952 341.291 10.1542 0.756182 0.142968 0.613213 0.108518 9.39801 0.0826805 0.578763 9.31533 0.220481 331.137 0.761349 0.0792354 0.682114
internal_count=199364 788 321 299 90 467 53 209 68 198576 440 189 414 152 411 198136 5895 439 83 356 63 5456 48 336 5408 128 192241 442 46 396
is_linear=0
shrinkage=1


Tree=1
num_leaves=31
num_cat=0
split_feature=14 10 12 4 8 7 29 20 4 17 12 24 26 15 15 21 26 9 11 21 19 9 0 12 0 15 3 15 0 4
split_gain=1844.92 2278.21 1402.45 953.311 4159.62 10588.1 309.708 255.476 202.571 114.326 1359.24 1254.25 103.042 167.508 279.179 93.0597 22.571 21.7656 76.9885 16.4104 9.72885 128.223 200.14 44.3781 18.6339 11.7234 20.7746 9.33177 3.15645 33.073
threshold=-3.7807530732634902 -1.8487679541117499 -3.5225811747336686 2.7606267111155653 -0.083888585836248267 1.4095479487733231 -0.3492368676003485 1.0016748175283123 3.3826064967410994 -1.9009091061695993 -1.6133063601137037 0.9647770349452367 -0.58420975341580783 -0.68079652991901962 -0.51095380397197399 -0.51788676524813992 0.70360478093520118 -0.1447748032807801 0.47675108290159812 2.2931759607642506 -3.0061424256255624 1.1047608313546504 -0.90042915859313555 -2.9672863234329303 -1.5377763849803912 1.8492371352635864 0.24135473889133455 -1.6724117465574804 -1.4015155804226336 2.0004323073521624
decision_type=2 2 2 2 2 2 2 2 2 2 2 2 2 2 2 2 2 2 2 2 2 2 2 2 2 2 2 2 2 2
left_child=1 3 -3 4 -1 -6 -4 15 16 10 11 -2 -9 -14 -15 -5 17 18 -8 -19 21 23 -23 -11 -25 -26 -27 -12 29 -22
right_child=9 2 6 7 5 -7 8 12 -10 20 27 -13 13 14 -16 -17 -18 19 -20 -21 28 22 -24 24 25 26 -28 -29 -30 -31
leaf_value=-6.1023169301162881 -22.81533796669919 -48.212988510644145 -32.175395115421907 -6.1023169301180058 -105.36604477178093 -6.1023169301179614 -3.5265709735488198 -5.6591752912557212 -3.5773481832920506 4.1469959238238472 0.93545316761972108 -0.10204806126634347 -6.1023169301180227 -6.1023169301177669 -24.714265901007437 0.10166601395550674 1.9296793604980231 -0.10137086980248047 -0.089290931159941508 1.6517633869484578 -0.10134774372564018 -11.314322687138079 -0.1001576499417693 -2.1504807145208522 -0.12828104096709095 -3.4501783244034088 -0.10015770263633342 -0.1009369634702906 -0.091055671947051275 -0.67406535877103702
leaf_weight=0.17730545066302283 0.052831855748696407 0.006235342754792649 0.0031176697000393485 0.032237354665994533 0.016118677333468445 0.032237354665994644 0.08567741240905502 0.22566148266196251 0.20136552900368831 0.023545182659291508 0.096479223691858129 0.045037682867739029 0.04835603199899198 0.016118677332997336 0.016118677332997294 0.096712063997984099 0.049255393771780231 0.84449487959505298 0.27213617409644564 0.056997406994923949 18.641630553109341 0.026750945056846831 0.039288284140638896 0.048771099820443253 2.0709432605652283 0.02984951755934151 0.04873387236148119 0.87315803661479641 310.81151188311935 1.0659648109576654
leaf_count=32 37 12 3 7 93 2 22 21 28 15 37 5 12 2 47 101 21 309 72 4 11136 20 25 32 607 20 31 361 185738 512
internal_value=-0.117187 -3.01675 -0.88473 -7.91812 -13.1926 -39.1902 -0.689687 -5.18321 -0.624676 -0.0982531 -1.13147 -12.3631 -6.75537 -9.82471 -15.4083 -1.44933 -0.17031 -0.252447 -0.912338 0.00947213 -0.0949389 -0.300441 -4.64275 -0.171376 -0.217628 -0.173773 -1.37265 0.00218419 -0.0935164 -0.132325
internal_weight=336.055 2.18015 1.51928 0.660866 0.225661 0.048356 1.51304 0.435204 1.50993 333.874 1.06751 0.0978695 0.306255 0.0805934 0.0322374 0.128949 1.30856 1.25931 0.357814 0.901492 332.807 2.28788 0.0660392 2.22184 2.1983 2.14953 0.0785834 0.969637 330.519 19.7076
internal_count=199364 788 471 317 127 95 459 190 456 198576 440 42 82 61 49 108 428 407 94 313 198136 750 45 705 690 658 51 398 197386 11648
is_linear=0
shrinkage=0.1


Tree=2
num_leaves=31
num_cat=0
split_feature=10 4 11 8 14 17 26 27 8 29 10 17 6 1 17 21 20 25 15 23 9 3 12 17 12 9 17 0 1 4
split_gain=954.082 2963.1 71455.1 171630 612.3 203.774 61.5195 147.732 583.644 342.304 13.9508 182.779 85.5697 27.9511 15.6484 277.659 25.4134 691.182 112.49 315.871 14.2383 11.3048 762.582 21.2007 321.747 11.2922 6.11844 20.4428 83.3905 760.95
threshold=-2.4742888067635831 2.7606267111155653 1.7527838846465289 0.38738624106128305 -3.7807530732634902 -1.4126013309773418 -0.57642398562661978 3.7631781833634586 0.67311245326751235 1.0000000180025095e-35 -1.8487679541117499 -1.9009091061695993 -2.2734522876048513 0.57928636523106014 3.5146520589284793 -1.8530081134359142 0.21973718031240186 -2.100543627575584 0.58975727987887927 0.1992927144073427 -2.3027042713559234 -2.8839688489958006 -1.41189380877431 -1.9009091061695993 -1.3538864037773648 2.8974869706494881 1.8037873200079673 -1.4015155804226336 0.48040298463984948 1.1401999327741061
decision_type=2 2 2 2 2 2 2 2 2 2 2 2 2 2 2 2 2 2 2 2 2 2 2 2 2 2 2 2 2 2
left_child=1 2 4 -4 -1 -6 -3 8 -8 -10 11 -2 -13 -14 21 -16 20 -18 19 -19 -17 22 -12 24 -23 -22 -25 28 -28 -30
right_child=10 6 3 -5 5 -7 7 -9 9 -11 14 12 13 -15 15 16 17 18 -20 -21 25 23 -24 26 -26 -27 27 -29 29 -31
leaf_value=7.550278422282716 6.1779275355501717 -0.074668937026874299 30.326965923689126 496.32551519253849 -5.8141932549978517 -0.11218728500760436 0.05639850438464547 -0.46394735522499558 -35.387436709627003 -8.7888490572453755 15.388244801353432 8.6620754624322469 -0.048454081770490723 1.427963668613198 -7.3566746637143332 1.4336177545138415 -70.34601117893645 -14.884638451001983 -0.11970584017912721 -0.10014360936692113 -0.11928033693143068 -5.9229611473106019 -0.10653148625269332 -0.08970213779196573 -0.0058361694373402998 1.0500933993040211 -0.22217424607678066 -0.11125579607487091 -0.10014283392473307 -17.419127510730117
leaf_weight=0.10438808798791244 0.048591744643918022 2.3596767858398411 0.039606038250872111 0.0098739841489188795 0.067624077200889143 0.85635453107254089 0.051377950823695298 0.28292857017216977 0.0084534911992657433 0.011313611024941599 0.032282251758556035 0.011412634747102746 4.604555284837228 0.131900657666847 0.055139499291322003 0.064891186542810675 0.0014235712398100722 0.02029126606195486 0.56657645548693836 0.050207817133923527 1.9864688660556011 0.10071020067737624 1.973083887714824 277.70434174395331 1.0499063299503237 0.086160942912101635 2.0632089683772565 19.078378449008923 0.20945478791691119 0.028865721735201078
leaf_count=15 18 47 39 60 8 449 52 35 53 31 28 9 1537 14 10 2 2 19 122 36 517 34 951 189978 438 1 446 4237 148 28
internal_value=-0.0739774 1.50269 5.93846 123.319 0.290662 -0.529505 -0.259103 -1.48824 -5.56164 -20.1639 -0.0932698 0.0759504 0.0135002 -0.00733885 -0.0959303 -0.329937 -0.190367 -0.743965 -0.588437 -4.35546 -0.0250011 -0.0937383 0.142902 -0.0953189 -0.523745 -0.0706685 -0.0936707 -0.145219 -0.426752 -2.19784
internal_weight=313.659 3.7916 1.07785 0.04948 1.02837 0.923979 2.71375 0.354074 0.0711451 0.0197671 309.868 4.79646 4.74787 4.73646 305.071 2.83116 2.77602 0.638499 0.637076 0.0704991 2.13752 302.24 2.00537 300.235 1.15062 2.07263 299.084 21.3799 2.30153 0.238321
internal_count=199364 789 571 99 472 457 218 171 136 84 198575 1578 1560 1551 196997 709 699 179 177 55 520 196288 979 195309 472 518 194837 4859 622 176
is_linear=0
shrinkage=0.1


Tree=3
num_leaves=31
num_cat=0
split_feature=29 12 9 26 10 17 22 29 26 14 8 25 13 11 10 0 17 22 3 12 18 8 21 15 11 0 12 9 12 8
split_gain=280.886 572.924 1328.38 2423.6 3851.67 122.974 430.279 391.637 153.777 2938.96 19935.4 81.1927 73.3795 58.8226 51.0885 1736.89 92.2181 130.927 44.1292 132.807 100.85 29.8852 198.059 561.861 26.699 23.4276 58.855 21.0608 26.5543 10.4286
threshold=6.2607923850314675 -1.4725947724131567 -2.0167468500238162 1.6225606968711357 -1.8487679541117499 -1.9009091061695993 -2.0463669410369394 -0.34884171290169702 -0.2259437568823244 -3.7807530732634902 -0.8297516798675818 -3.5680074671106912 -1.5978946924211124 1.7995383124789812 -2.4742888067635831 -1.4913769594135515 -0.53594591803665692 0.3975183128347079 -2.8839688489958006 -1.41189380877431 2.7902335075848095 0.23198272482866891 0.19935447836649015 -0.87222615343894805 0.94013988103594637 -0.40841836754163091 -2.673347065703831 1.3062808640426575 0.40980364879278952 0.73994471569007481
decision_type=2 2 2 2 2 2 2 2 2 2 2 2 2 2 2 2 2 2 2 2 2 2 2 2 2 2 2 2 2 2
left_child=5 2 -2 4 -4 6 -1 -8 11 10 -10 -9 -13 27 15 -7 17 -17 19 -16 -21 22 -14 -24 -18 -23 -27 29 -29 -3
right_child=1 13 3 -5 -6 14 7 8 9 -11 -12 12 21 -15 18 16 24 -19 -20 20 -22 25 23 -25 -26 26 -28 28 -30 -31
leaf_value=15.040443630265859 -0.45963628712993665 -0.10891629773347751 -5.5330864040232335 -1.9299124541355497 -55.478252078943775 -25.616988443602793 10.312273365559474 -8.2021183074499167 -0.10102769545705122 0.091060387193200434 121.2778627223931 -7.3780114576779061 -0.034043565364301052 -3.2840789670083854 -2.4978366654534487 11.028674447479288 -0.11429890316179603 -0.1001286973624937 -0.090425693399038234 -0.10998731628414118 -3.7390738133297434 -0.0841085091990912 -0.10073707874234511 15.614889232328554 -2.9678103353909737 -2.2258955147522799 -0.1485375226054389 4.4725825878083789 -0.10013211511326681 -0.89916737985644657
leaf_weight=0.019812452951763926 0.30509789469942916 1.0585926536477712 0.035925677381278845 0.099413231178488326 0.027078677812831228 0.027432837073191552 0.038723973706335069 0.012342789266538534 0.098864959836747576 2.2518372925007615 0.01567690992842731 0.013740420225078043 1.1479438477520076 0.062835354218862327 0.29722816209992897 0.017971384470562676 0.62674483389118774 0.0256734061986208 280.19104723050322 2.0826763969971132 0.079496832135191542 2.7591111213010473 0.079826066154055297 0.031816334916865752 0.034599680919200182 0.19127920556993949 0.47521260948997257 0.02186887920834113 0.030288136421694034 0.19826915258161637
leaf_count=23 20 600 12 4 37 37 24 12 20 185 133 15 192 21 40 19 304 21 196370 1006 13 59 21 32 36 28 31 19 24 6
internal_value=-0.0937638 -1.32562 -4.34884 -11.6546 -26.999 -0.0859646 0.324025 0.283053 0.22818 0.88588 16.5116 -0.102169 -0.0808927 -0.295333 -0.096289 -0.93039 0.0302251 4.48232 -0.0941276 -0.515873 -0.243418 -0.0594922 0.357012 4.37797 -0.263587 -0.21264 -0.744727 -0.151868 1.81716 -0.233578
internal_weight=292.358 1.83937 0.467515 0.162418 0.0630044 290.519 7.13619 7.11638 7.07765 2.36638 0.114542 4.71127 4.69893 1.37185 283.383 0.732422 0.704989 0.0436448 282.65 2.4594 2.16217 4.68519 1.25959 0.111642 0.661345 3.4256 0.666492 1.30902 0.052157 1.25686
internal_count=199364 743 73 53 49 198621 775 752 728 338 153 390 378 670 197846 417 380 40 197429 1059 1019 363 245 53 340 118 59 649 43 606
is_linear=0
shrinkage=0.1


Tree=4
num_leaves=31
num_cat=0
split_feature=17 26 12 26 21 11 10 17 20 3 29 12 5 16 26 25 29 28 26 8 3 12 12 22 9 11 26 2 23 6
split_gain=111.268 2297.7 473.228 1281.03 1049.8 308.781 168.102 774.904 244.713 249.625 165.211 98.7289 78.335 3887.29 113.699 59.5831 52.8666 61.5069 72.8966 166.407 38.8231 984.699 2177.98 930.885 139.092 29.7212 127.209 218.752 20.5042 20.1434
threshold=-1.9009091061695993 -2.172578312334728 0.1989821291757726 -0.57642398562661978 0.16972923590126562 -0.90266798629112588 -2.4742888067635831 -0.54438765773521236 -0.36020062571717709 -0.87305580711681852 -0.34571999078235055 -1.6919333891180635 0.027105180701114839 -2.8466845002335717 -1.5428038721389878 -0.83858935740686236 -0.34532483608369918 0.85351771415599875 -0.45407617953470464 -1.0000000180025095e-35 -2.8839688489958006 -1.41189380877431 -2.8077277009173147 -0.22357173412172984 -2.5128543418444425 2.030922540013854 -0.18043094931591255 2.5406039983591429 -0.34929322537245294 -2.2734522876048513
decision_type=2 2 2 2 2 2 2 2 2 2 2 2 2 2 2 2 2 2 2 2 2 2 2 2 2 2 2 2 2 2
left_child=1 -1 5 4 -4 -3 7 8 -2 -10 -5 -9 16 -14 -15 -16 -7 25 -19 -20 21 22 -8 -24 -23 28 27 -27 -18 -17
right_child=6 2 3 10 -6 12 20 11 9 -11 -12 -13 13 14 15 29 17 18 19 -21 -22 24 23 -25 -26 26 -28 -29 -30 -31
leaf_value=-46.769888364045492 -12.151061620779023 -8.0425693664288982 -5.3446178868496235 -5.3329867362994241 -27.02573525027395 1.107227272080004 -0.10456699589349679 -3.7468545381453113 2.6641885901063911 -6.5998026749762024 -0.13839001511549645 -0.11358201302518003 -98.570241909419209 -6.5191731728038551 -3.4670698713814754 -2.3285353489740217 -0.24050281009135396 -0.15809892233498543 -0.15886191610209416 -3.8250575066498929 -0.089317887496483173 -14.178214414885526 -13.024647756928392 -57.438485167721083 -0.14883017377020502 13.063092469381647 0.27305586763177392 0.080734962049294992 0.40041791903221835 -0.11220313269745481
leaf_weight=0.010711993013234777 0.057264673786604048 0.049939540604213906 0.05631540704928284 0.073821022640913725 0.037009321494792857 0.39712239218423118 0.042481872406366271 0.078519089768957051 0.037071445837117301 0.13503886654508335 0.35885250842841276 1.5751305432096003 0.0040621465304927487 0.031149975422635978 0.059388001106185917 0.042840357753447966 0.80461398803163353 2.5341040756897288 0.3565875827816859 0.18965166204838391 258.98929850296804 0.0070845325244602844 0.0077096339862121567 0.012165928852482782 2.8254434277915399 0.022788604072890545 0.25000820267873847 0.030152107190940275 1.3148271331397219 0.95849237862143033
leaf_count=19 14 24 26 8 23 26 9 40 34 31 63 393 16 32 38 3 18 54 20 61 196838 6 36 13 1159 27 72 21 35 205
internal_value=-0.111015 -0.488697 -0.423221 -3.31662 -13.9426 -0.207215 -0.100158 -1.04162 -6.48846 -4.6044 -1.02467 -0.286098 -0.151282 -0.927687 -0.564422 -0.38955 -0.00705992 -0.087476 -0.383956 -1.43175 -0.0933886 -0.457568 -12.8878 -40.2106 -0.18392 0.289532 1.21601 5.66906 0.157102 -0.207025
internal_weight=271.35 7.58244 7.57173 0.525998 0.0933247 7.04573 263.767 1.88302 0.229375 0.17211 0.432674 1.65365 6.99579 1.09593 1.09187 1.06072 5.89986 5.50273 3.08034 0.546239 261.884 2.89489 0.0623574 0.0198756 2.83253 2.42239 0.302949 0.0529407 2.11944 1.00133
internal_count=199364 791 772 120 49 652 198573 512 79 65 71 433 628 294 278 246 334 308 135 81 198061 1223 58 49 1165 173 120 48 53 208
is_linear=0
shrinkage=0.1


end of trees

feature_importances:
Column_12=15
Column_17=12
Column_26=11
Column_4=9
Column_0=8
Column_8=8
Column_9=7
Column_10=7
Column_29=7
Column_1=6
Column_11=6
Column_15=6
Column_21=6
Column_3=5
Column_7=5
Column_14=4
Column_22=4
Column_20=3
Column_23=3
Column_25=3
Column_5=2
Column_6=2
Column_16=2
Column_19=2
Column_28=2
Column_2=1
Column_13=1
Column_18=1
Column_24=1
Column_27=1

parameters:
[boosting: gbdt]
[objective: binary]
[metric: binary_logloss]
[tree_learner: serial]
[device_type: cpu]
[data_sample_strategy: bagging]
[data: ]
[valid: ]
[num_iterations: 300]
[learning_rate: 0.1]
[num_leaves: 31]
[num_threads: 16]
[seed: 42]
[deterministic: 0]
[force_col_wise: 0]
[force_row_wise: 0]
[histogram_pool_size: -1]
[max_depth: -1]
[min_data_in_leaf: 20]
[min_sum_hessian_in_leaf: 0.001]
[bagging_fraction: 1]
[pos_bagging_fraction: 1]
[neg_bagging_fraction: 1]
[bagging_freq: 0]
[bagging_seed: 400]
[bagging_by_query: 0]
[feature_fraction: 1]
[feature_fraction_bynode: 1]
[feature_fraction_seed: 30056]
[extra_trees: 0]
[extra_seed: 12879]
[early_stopping_round: 0]
[early_stopping_min_delta: 0]
[first_metric_only: 0]
[max_delta_step: 0]
[lambda_l1: 0]
[lambda_l2: 0]
[linear_lambda: 0]
[min_gain_to_split: 0]
[drop_rate: 0.1]
[max_drop: 50]
[skip_drop: 0.5]
[xgboost_dart_mode: 0]
[uniform_drop: 0]
[drop_seed: 17869]
[top_rate: 0.2]
[other_rate: 0.1]
[min_data_per_group: 100]
[max_cat_threshold: 32]
[cat_l2: 10]
[cat_smooth: 10]
[max_cat_to_onehot: 4]
[top_k: 20]
[monotone_constraints: ]
[monotone_constraints_method: basic]
[monotone_penalty: 0]
[feature_contri: ]
[forcedsplits_filename: ]
[refit_decay_rate: 0.9]
[cegb_tradeoff: 1]
[cegb_penalty_split: 0]
[cegb_penalty_feature_lazy: ]
[cegb_penalty_feature_coupled: ]
[path_smooth: 0]
[interaction_constraints: ]
[verbosity: 1]
[saved_feature_importance_type: 0]
[use_quantized_grad: 0]
[num_grad_quant_bins: 4]
[quant_train_renew_leaf: 0]
[stochastic_rounding: 1]
[linear_tree: 0]
[max_bin: 255]
[max_bin_by_feature: ]
[min_data_in_bin: 3]
[bin_construct_sample_cnt: 200000]
[data_random_seed: 175]
[is_enable_sparse: 1]
[enable_bundle: 1]
[use_missing: 1]
[zero_as_missing: 0]
[feature_pre_filter: 1]
[pre_partition: 0]
[two_round: 0]
[header: 0]
[label_column: ]
[weight_column: ]
[group_column: ]
[ignore_column: ]
[categorical_feature: ]
[forcedbins_filename: ]
[precise_float_parser: 0]
[parser_config_file: ]
[objective_seed: 16083]
[num_class: 1]
[is_unbalance: 0]
[scale_pos_weight: 1]
[sigmoid: 1]
[boost_from_average: 1]
[reg_sqrt: 0]
[alpha: 0.9]
[fair_c: 1]
[poisson_max_delta_step: 0.7]
[tweedie_variance_power: 1.5]
[lambdarank_truncation_level: 30]
[lambdarank_norm: 1]
[label_gain: ]
[lambdarank_position_bias_regularization: 0]
[eval_at: ]
[multi_error_top_k: 1]
[auc_mu_weights: ]
[num_machines: 1]
[local_listen_port: 12400]
[time_out: 120]
[machine_list_filename: ]
[machines: ]
[gpu_platform_id: -1]
[gpu_device_id: -1]
[gpu_use_dp: 0]
[num_gpu: 1]

end of parameters

pandas_categorical:null
